广州上	23.4253351657,113.1970226229	23.1220536373,113.8398206665	23.4253351657,113.8398206665	23.1220536373,113.1970226229	65.62	33.77
武汉南	30.7834866436,113.9384544015	30.3106948934,114.6278771996	30.7834866436,114.6278771996	30.3106948934,113.9384544015	65.9	52.65
西安	34.3933122232,108.7941741943	33.9683638969,109.3932801108	34.3933122232,109.3932801108	33.9683638969,108.7941741943	55.09	47.32
桂林	25.3609291932,110.0766965820	24.6648214410,110.5091414461	25.3609291932,110.5091414461	24.6648214410,110.0766965820	43.49	77.49
鞍山	41.1673304188,122.9007305541	41.0435248373,123.0776507544	41.1673304188,123.0776507544	41.0435248373,122.9007305541	14.88	13.79
广州下	23.1220536373,113.1970226229	22.9183367012,113.5823879328	23.1220536373,113.5823879328	22.9183367012,113.1970226229	39.43	22.69
成都	30.7500676760,103.9465579891	30.5893030174,104.1848641943	30.7500676760,104.1848641943	30.5893030174,103.9465579891	22.83	17.90
南京	32.1438859586,118.5824757660	31.9302160586,118.8698410823	32.1438859586,118.8698410823	31.9302160586,118.5824757660	27.09	23.78
北京	40.1148140709,116.1781410895	39.6466907558,116.7335826020	40.1148140709,116.7335826020	39.6466907558,116.1781410895	45.6	52.11
天津	39.2222618805,117.0724146024	38.9370890000,117.7384790000	39.2222618805,117.7384790000	38.9370890000,117.0724146024	57.43	31.76
武汉北	31.0658236830,114.1914328219	30.6402614387,114.8279693759	31.0658236830,114.8279693759	30.6402614387,114.1914328219	60.66	47.4
杭州市	30.3725920000,120.0265170000	30.1220080000,120.3001770000	30.3725920000,120.3001770000	30.1220080000,120.0265170000	26.26	27.9
济南市	36.7307070000,116.8828790000	36.5963810000,117.2548490000	36.7307070000,117.2548490000	36.5963810000,116.8828790000	33.22	14.96
重庆市	29.7304530000,106.2977860000	29.4560910000,106.6898790000	29.7304530000,106.6898790000	29.4560910000,106.2977860000	37.91	30.55
青岛市	36.3265771474,120.1196702738	35.9495608176,120.5483440003	36.3265771474,120.5483440003	35.9495608176,120.1196702738	38.39 	41.98 
厦门	24.7554502604,117.9476521842	24.4292475850,118.2926467173	24.7554502604,118.2926467173	24.4292475850,117.9476521842	34.88	36.31
大连市	39.1396428437,121.5089428233	38.8538011172,121.8941990588	39.1396428437,121.8941990588	38.8538011172,121.5089428233	33.24	31.84
宁波市	29.9892553454,121.4028200277	29.8060727299,121.8996177359	29.9892553454,121.8996177359	29.8060727299,121.4028200277	47.85	20.39
哈尔滨市	45.8120391541,126.4931112213	45.6789269188,126.7590670148	45.8120391541,126.7590670148	45.6789269188,126.4931112213	20.63	14.81
沈阳市	41.9166083794,123.2048979601	41.6155929400,123.6624560656	41.9166083794,123.6624560656	41.6155929400,123.2048979601	37.9	33.51
长春市	43.9642202935,125.1494877150	43.7619945246,125.4528219862	43.9642202935,125.4528219862	43.7619945246,125.1494877150	24.31	22.5
长沙市	28.3730399989,112.7935530093	28.0782596528,113.2326559097	28.3730399989,113.2326559097	28.0782596528,112.7935530093	43.03	32.82
深圳	22.7627959759,113.7981407787	22.4637747893,114.4132173805	22.7627959759,114.4132173805	22.4637747893,113.7981407787	64.61	34.39
福州市	26.1165712691,119.1808748245	25.9703652023,119.4068422502	26.1165712691,119.4068422502	25.9703652023,119.1808748245	22.59	16.26
郑州市	34.8915820516,113.5091667726	34.4880274592,113.8965837626	34.8915820516,113.8965837626	34.4880274592,113.5091667726	35.34	44.96
石家庄市	38.1273640488,114.2949902508	37.9450284982,114.6963874507	38.1273640488,114.6963874507	37.9450284982,114.2949902508	35.13	20.29
苏州市	31.4275523294,120.3506087418	31.1981462823,120.8862741248	31.4275523294,120.8862741248	31.1981462823,120.3506087418	50.84	25.55
佛山市	23.0792743222,113.0621936081	22.9826308462,113.1978816259	23.0792743222,113.1978816259	22.9826308462,113.0621936081	13.89	10.76
东莞市	23.0964981229,113.6169576097	22.8429455842,114.1378634692	23.0964981229,114.1378634692	22.8429455842,113.6169576097	53.34	28.24
无锡市	31.6656988830,120.1849213963	31.4499706439,120.5218288072	31.6656988830,120.5218288072	31.4499706439,120.1849213963	31.89	24.02
烟台市	37.5897230066,121.2154159388	37.3672016797,121.7020165828	37.5897230066,121.7020165828	37.3672016797,121.2154159388	42.91	24.78
太原市	38.0068049066,112.4289131563	37.7447028373,112.6472076387	38.0068049066,112.6472076387	37.7447028373,112.4289131563	19.11	29.17
合肥市	31.9134700508,117.2017087527	31.7122399857,117.3621811206	31.9134700508,117.3621811206	31.7122399857,117.2017087527	15.18	22.4
南昌市	28.7706066029,115.7769425762	28.5981294146,115.9854788188	28.7706066029,115.9854788188	28.5981294146,115.7769425762	20.34	19.21
南宁市	22.8535364093,108.2329998201	22.7347570905,108.4208682133	22.8535364093,108.4208682133	22.7347570905,108.2329998201	19.29	13.23
昆明市	25.1097578156,102.6398794040	24.8429872963,102.9279338553	25.1097578156,102.9279338553	24.8429872963,102.6398794040	29.05	29.7
温州市	28.0794159588,120.5771919670	27.8895252228,120.8640833795	28.0794159588,120.8640833795	27.8895252228,120.5771919670	28.18	21.14
淄博市	36.8534857030,117.8279055886	36.7374671955,118.1566057309	36.8534857030,118.1566057309	36.7374671955,117.8279055886	29.29	12.92
唐山市	39.6951324318,118.1288466241	39.5995676081,118.2507026263	39.6951324318,118.2507026263	39.5995676081,118.1288466241	10.41	10.64
上海	31.4852667173,121.0288832913	30.7334128408,121.9560780932	31.4852667173,121.9560780932	30.7334128408,121.0288832913	88.8	76
常州	31.9077424056,119.7990543275	31.6303154952,120.0583016450	31.9077424056,120.0583016450	31.6303154952,119.7990543275	24.57	30.88
东营	37.5092406470,118.4582677055	37.4000494961,118.7934650889	37.5092406470,118.7934650889	37.4000494961,118.4582677055	29.62	12.16
贵阳	26.7030163834,106.6124817671	26.4351314310,106.7948644401	26.7030163834,106.7948644401	26.4351314310,106.6124817671	18.17	29.82
海口	20.0746822650,110.1553703017	19.9327147760,110.4824309869	20.0746822650,110.4824309869	19.9327147760,110.1553703017	34.23	15.79
惠州	23.1582551391,114.3190581685	22.9851490551,114.4651659707	23.1582551391,114.4651659707	22.9851490551,114.3190581685	14.95	19.28
金华	29.1589039966,119.5455993344	29.0359661674,119.7324205806	29.1589039966,119.7324205806	29.0359661674,119.5455993344	18.19	13.7
荆州	30.3702832154,112.1668613006	30.2658710053,112.3230277834	30.3702832154,112.3230277834	30.2658710053,112.1668613006	15.01	11.62
洛阳	34.7429250788,112.3557049998	34.5874029556,112.5305468004	34.7429250788,112.5305468004	34.5874029556,112.3557049998	16	17.33
临沂	35.1329399524,118.2424593237	35.0172792357,118.4338033174	35.1329399524,118.4338033174	35.0172792357,118.2424593237	17.46	12.89
绵阳	31.5438303954,104.5991558744	31.3744298922,104.8322409898	31.5438303954,104.8322409898	31.3744298922,104.5991558744	22.15	18.86
泉州	24.9813221582,118.4656331595	24.8111738395,118.6881158196	24.9813221582,118.6881158196	24.8111738395,118.4656331595	22.46	18.94
齐齐哈尔	47.3933996762,123.8560679209	47.2492806855,124.0410273250	47.3933996762,124.0410273250	47.2492806855,123.8560679209	13.96	16.05
三亚	18.3348336692,109.3549678997	18.2078027668,109.7223164162	18.3348336692,109.7223164162	18.2078027668,109.3549678997	38.81	14.14
绍兴	30.1337404345,120.4001634641	29.9643610047,120.6975046742	30.1337404345,120.6975046742	29.9643610047,120.4001634641	28.64	18.86
威海	37.5359866628,121.9885119845	37.4070209148,122.2049953713	37.5359866628,122.2049953713	37.4070209148,121.9885119845	19.15	14.36
潍坊	36.7991459809,118.9746213468	36.6291374257,119.2611093427	36.7991459809,119.2611093427	36.6291374257,118.9746213468	25.55	18.94
徐州	34.3328761193,117.1264809090	34.1624248978,117.3489809170	34.3328761193,117.3489809170	34.1624248978,117.1264809090	20.46	18.98
银川	38.5363990204,106.1062259103	38.3843007112,106.3253621869	38.5363990204,106.3253621869	38.3843007112,106.1062259103	19.08	16.93
宜昌	30.7774870378,111.2811445455	30.6493570979,111.3738342380	30.7774870378,111.3738342380	30.6493570979,111.2811445455	8.89	14.27
扬州	32.4603826109,119.3339554719	32.3378042685,119.4997356552	32.4603826109,119.4997356552	32.3378042685,119.3339554719	15.56	13.65
义乌	29.3966250598,120.0281529991	29.2614091195,120.1505802040	29.3966250598,120.1505802040	29.2614091195,120.0281529991	11.87	15.06
珠海	22.4065700065,113.5057638645	22.2134589479,113.6242116488	22.4065700065,113.6242116488	22.2134589479,113.5057638645	12.17	21.49
中山	22.5685961654,113.3312735893	22.4657841578,113.5047652818	22.5685961654,113.5047652818	22.4657841578,113.3312735893	17.82	11.45
肇庆	23.1160727899,112.4266460221	23.0444314489,112.5178473031	23.1160727899,112.5178473031	23.0444314489,112.4266460221	9.31	7.98
株洲	27.8801618649,113.0723965722	27.7818796239,113.1822911257	27.8801618649,113.1822911257	27.7818796239,113.0723965722	10.81	10.94
