126140132
125269609
120471235
104028666
125855715
104243545
128896021
105029153
129061643
127254744
126096877
106859743
105598248
128920691
128921003
128907365
128909129
128909129
121661705
122452678
128901695
126080862
128901695
128903729
126080862
102640476
122453451
125390605
123782346
125433442
128321812
123782719
125658669
122841054
125659485
102042689
102065151
109886286
125659262
102066626
103712179
121558405
122954534
123428152
125971048
125854977
122917376
126323678
109885838
126110914
127315063
108026489
104053741
108274415
107237075
102078481
104912041
108436726
125854299
125709849
104912042
108436767
127114906
125628176
129092194
126111047
126964768
126413005
126323650
126323692
107427749
129218081
107627954
123889335
125396299
106824881
108274414
122819036
126042542
125264960
107411234
129062622
125849089
125130282
105903637
125442417
129217854
126643807
121265127
128322145
104752213
131061348
121697209
126413986
125839145
123474661
104879358
127313832
127334446
108722046
125849559
126460817
123397929
102567367
121697229
126815360
107990380
129717601
126111440
107237181
125751169
105238660
125627906
127673448
127334329
123476421
105238658
123888906
129275197
105883209
107350677
126110428
126413127
125847070
126965358
126109617
107410808
107554905
126109634
104889371
125750906
105238659
129717006
124833738
104889380
129625753
125251309
125396087
104053758
129794894
125442160
129580739
126468915
105972304
126468873
123475759
121264733
108394705
105972304
126468873
123475759
121264733
108394705
129692274
107410061
129692958
126826543
126414418
126041453
129618300
128431719
103298735
104889379
126826853
126323665
104879359
104879362
105248028
107428943
129278562
126323627
126461585
125849849
126634554
126323644
106613778
107207228
107474891
125714522
120058858
105972530
104889381
107471931
103478320
103478137
126644188
120228820
102387631
126721255
129306502
123396117
129663604
129673682
129680034
129680270
129580307
127114869
129019328
127115066
129565061
129228405
101259355
125849183
123395125
102666481
123397128
107630667
105903636
105972357
126489649
108733249
126642626
104889378
123476302
129625093
102335267
125847714
126770820
127908337
103496290
127152184
125848720
126110589
127377639
129662995
129673648
129564647
129664245
129579879
129564752
129580750
127114629
104053760
102666482
103847075
129729151
129238879
106615372
107471049
103478921
125847299
131058974
104053759
129527907
105972041
126040677
126040824
126042576
126043290
125661352
129238212
105970137
131059901
127380802
125848342
125839036
125661596
107029367
128055093
129528874
129528313
129059824
129728363
102666482
103847075
129729151
129238879
106615372
107471049
103478921
125847299
131058974
104053759
129527907
107554031
106613157
128044476
126489899
129238597
107471181
106614338
126043767
125847621
125661472
125661635
128037426
125264926
105883208
104879361
125847693
125851038
125661871
129059824
129728363