102482339
101826432
104051688
109263750
102336744
124561715
121243740
121016135
120163527
126052710
126196061
129639544
106952606
102534451
101140616
126548925
108012171
123333932
120040707
125074101
102539583
102539582
107754410
104505376
120210382
120213601
109152810
126167667
101196281
101394461
123334203
125568300
123179687
125067305
101196282
102539590
124549780
102537125
102550703
126606739
103689441
101422464
105382961
104042777
126627055
124836272
107264498
103681047
128900497
101394462
121679475
101262504
106028085
128123787
106497239
102462331
101236681
123696412
103709760
125568299
126146561
102406829
103952152
121764932
103987145
103709711
125568364
107943904
105591040
102134255
103603043
101182245
122830663
126833022
101422462
104144252
101422463
102459683
129082619
103577577
106332231
102406837
123745439
104074537
121740483
102398217
103150629
121133200
104262108
103689530
106939276
105382967
126629081
102555196
101199318
109171228
104029744
103603042
120336927
101401084
126628874
104474847
125743780
103583060
102393474
104549092
101405579
121041547
104262107
128870295
106612349
104040507
108790364
128123741
126098559
120335393
104048389
102534939
104046579
120152546
129419496
125134192
104042775
102328578
107840236
106267441
101279648
103282915
102727201
125312136
126803037
101166725
104034434
102490642
121527604
125217560
127874650
107243504
127277000
107313727
106158391
126627092
105837222
122903172
106955352
106186250
101186311
125275784
106484841
122916879
108034028
123218768
126799392
126802488
103478529
127406441
127276480
101188806
126424514
104049851
106922695
129686000
126169895
123963568
103577576
103593941
121360641
101170107
106009634
106331683
107264251
107839717
128473945
103689679
102550710
102550710
126583512
104262106
125568352
107041534
101104498
129178376
105935462
125958465
103453778
107960145
127152686
102555186
123344298
104320335
129170162
107044485
107646011
125594289
108162989
101209845
125979082
129166529
107312973
102315701
125084267
101346157
106913891
124229387
101902917
129523555
123343417
105792419
102534921
126682920
102191512
102555190
103676227
102315703
121275512
123670390
106501689
120051588
102074156
103131949
107782786
126627260
124069476
120343601
106231847
125979786
107802928
123674293
102074151
120023100
125324771
101286935
121143391
106496988
120054933
127653666
101163492
106001244
106139773
125310242
102555185
100194678
101280345
127203638
120174425
106182725
128709662
106047557
126462174
127151688
104800794
125910613
125032004
103478530
125217725
106331150
107250937
107340454
124478531
101419488
101280765
129169387
121305541
102423203
125091820
105428651
125090945
106006859
103743708
103683772
107004540
121304582
129168113
129168167
127204133
125323781
101165627
101286936
122721205
101403072
104116190
102462322
103526986
106190881
101655543
101280343
129733053
106243226
106934708
129168425
107786177
102393460
125082246
103582856
105428656
120080822
124547609
127462505
101419477
123710252
126766984
103709346
107237902
129808040
125136173
102579608
127244248
124419679
122507011
107109545
129174528
105430771
101403065
129168517
120174890
128503814
128368334
129167832
101122356
129174528
105430771
125324394
104132054
128465770
120344246
123948777
121528483
101408590
102331009
123401749
106185224
103606095
125302504
101666389
128564069
125558890
125061363
105428647
124450533
123486929
125137013
127002874
106186273
108645885
123487418
125306861
125949370
128427543
125083443
101112198
103676225
106937659
104038626
101260969
129174422
108276740
105428652
129174489
125390636
101434891
107917048
123019119
107357392
102660757
101393780
107253770
105936894
125390636
101434891
107917048
123019119
129732740
106183283
103282914
101403070
105937211
127578316
103683775
107069939
106190427
102074152
105411894
103709353
126595081
102365491
124458731
124550928
102393470
125309373
123490205
106183692
108174261
101395908
105793478
101408603
124580009
125644366
129368879
108170908
124443253
101341717
124547886
101121069
124450335
123636461
108274007
103696345
103606096
101263523
108317871
106924582
124476348
125765001
127432100
128463181
124547886
101121069
124450335
123636461
108274007
103696345
103606096
101263523
108317871
129808113
129732582
121740730
125323461
108171834
101782464
129717091
125643840
126304505
108266922
129170329
106116490
106451348
107876632
120200151
105936504
107939950
103676226
103698318
106925075
101232124
127433460
105428642
123489442
125095429
125558902
102577454
125091735
101343621
108267497
127428808
126602197
101221958
106330744
106190935
120869354
125413156
127579748
101281630
126476976
124442556
101393820
106822873
125743221
128506351
108263507
124713785
124460210
108000630
101162421
124461279
124560987
107236353
108263077
106015419
124421021
124440161
125306479
127431030
124425115
124450078
125317455
126416103
125311117
125765149
125090479
125324422
109293805
120200754
108299835
105430891
106988296
128424808
120708995
105936714
124713581
128385687
106240113
127539970
108159038
127335583
106940568
129390582
106005040
105941626
106191019
127432517
124450078
125317455
124475410
122430503
108175195
102401016
124449658
127432769
128180821
106956907
108172337
127429438
121016376
105430770
106826244
101232125
122574798
125310618
120870416
127427732
126304792
105941619
103478641
107613776
125137551
127643447
103772303
103674641
105428653
106165702
108292365
128505205
106004876
102531648
103675842
126416064
124448308
106825674
106190862
124423595
124449977
102550707
127543623
127543968
103674642
124423777