126228439
102427463
102412731
126579397
126427816
104036996
102558022
107123611
126576006
101378912
102591761
104408745
107654806
105394390
104600388
106209566
109768486
102539617
104600400
103429849
109761984
105394392
102614017
101238050
102276291
107127283
107651229
105014153
102614018
102076498
126797226
103473848
125539182
109764114
124549031
105394388
102518989
108269553
105014157
123261913
101295205
104197109
126197473
105014159
121052168
127003117
124546229
104600394
126331798
125713974
102539601
124546436
125902082
101902230
122198999
120119685
125902164
105014158
102539604
106209347
120163769
104400755
103695679
107007502
102576527
126775397
107119224
122329775
104893096
102627440
125218987
127579168
103281183
104249560
104433281
104249701
106209412
127408088
106039194
105394385
102194639
129024255
121690491
126283359
107041259
105394384
103793835
104249559
102726131
102494860
120164142
102494857
123155672
124214439
125999865
106721842
106191077
122681959
106042691
121327885
125587494
106030093
106958548
123696375
125805717
120733150
106285015
104455248
104127648
123415487
120163839
106523242
106978542
126729592
126496388
103795784
128385125
124063326
126558782
129727306
106522420
121728709
102479658
106061948
107890693
101207365
104249558
126143146
123415351
103795786
104402966
101398668
127580544
105899481
102194637
122591888
102672195
108211232
120163526
101349306
106327968
106984353
124946731
106209439
106984353
124946731
127030125
128816174
124848122
121546722
125560334
102725959
102560163
102275223
120164247
123415440
106556486
107160655
108100286
127941346
106191040
103156466
107934210
127059896
106522554
105892265
125835309
104433282
107014115
104255076
120736896
121546002
120734742
104244306
106521959
108276223
103237500
104255075
107218581
121688722
125801633
107421917
121543785
124934459
129028525
125804813
107020206
107180010
128384820
125293521
127941716
105374323
106209860
121143596
120736141
108269914
121271954
101174755
124847380
122765396
121272062
126941862
124847793
109108161
125683383
104144257
106556241
121689450
125560385
127054567
124847406
122440393
122712364
106556092
103237499
124037862
121543329
103080260
121286671
109261740
107020350
125560506
103298636
125560394
124242260
121545870
121545425
125560411
107421370
128675442
121544545
126106633
121286935
101174752
107421982
123415684
121286804
122613461
126682917
107020222
108274103
101121077
101349305
109825759
107191733
129472119
121545031
107422275
121546612
108301027
102278592
108276344
107932487
126682372
107422142
107020049
107020364
125560916
107933248
106556561
106190651
105905636
121542602
107422519
121543298
109826010
103080258
107566255
101174752
107421982
123415684
121286804
122613461
126682917
107020222
109328182
123393082
121543979
125319934
109327096
107421013
107422366
107926398
107218284
107194401
107198889
124121637
102278591
107421693
102278590
122882085
107013365
125560649
109474829
125293427
101350694
107005949
109327685
106556958
107421569
107422346
123415884
121394239
107421243
129733460
106015673